67.2 79.2 78.4 74.4
93.4306569343 94.1605839416 94.1605839416 95.6204379562
68.8311688312 78.5714285714 71.4285714286 66.2337662338
83.8235294118 83.8235294118 88.2352941176 76.4705882353
96.6666666667 100.0 100.0 96.6666666667
66.6666666667 57.9710144928 65.2173913043 60.8695652174
71.4285714286 69.0476190476 71.4285714286 61.9047619048
86.9706840391 90.1194353963 89.0336590662 89.6851248643
74.4 74.3 74.0 73.8
72.2222222222 97.2222222222 77.7777777778 94.4444444444
95.4524783993 100.0 100.0 96.3165075034
53.125 84.375 87.5 81.25
69.6428571429 96.4285714286 95.5357142857 79.4642857143
65.2892561983 100.0 86.7768595041 86.7768595041
86.4864864865 95.4954954955 97.2972972973 91.8918918919
78.4 79.2 80.8 77.6
97.0802919708 94.8905109489 92.700729927 92.700729927
69.4805194805 78.5714285714 72.0779220779 71.4285714286
69.1176470588 80.8823529412 77.9411764706 76.4705882353
93.3333333333 100.0 96.6666666667 96.6666666667
57.9710144928 62.3188405797 62.3188405797 57.9710144928
73.8095238095 71.4285714286 61.9047619048 64.2857142857
89.6851248643 90.9880564604 90.2280130293 88.2736156352
72.0 74.2 72.9 71.9
94.4444444444 97.2222222222 97.2222222222 88.8888888889
96.3619827194 100.0 100.0 97.0441109595
75.0 84.375 84.375 78.125
100.0 95.5357142857 87.5 86.6071428571
66.1157024793 100.0 90.9090909091 85.9504132231
97.2972972973 94.5945945946 93.6936936937 94.5945945946
71.2 80.0 80.8 78.4
96.3503649635 91.9708029197 93.4306569343 92.700729927
77.2727272727 77.9220779221 72.0779220779 75.974025974
80.8823529412 85.2941176471 80.8823529412 85.2941176471
93.3333333333 100.0 96.6666666667 100.0
56.5217391304 60.8695652174 60.8695652174 66.6666666667
66.6666666667 69.0476190476 80.9523809524 71.4285714286
88.9250814332 90.6623235613 92.1824104235 92.5081433225
79.5 74.7 80.4 78.6
83.3333333333 97.2222222222 94.4444444444 94.4444444444
98.9995452478 100.0 100.0 99.4997726239
68.75 84.375 84.375 84.375
100.0 96.4285714286 100.0 95.5357142857
85.1239669421 100.0 92.5619834711 83.4710743802
99.0990990991 95.4954954955 94.5945945946 95.4954954955
83.2 80.0 80.8 83.2
94.8905109489 94.1605839416 94.1605839416 95.6204379562
72.7272727273 77.9220779221 77.2727272727 76.6233766234
79.4117647059 86.7647058824 83.8235294118 83.8235294118
96.6666666667 100.0 100.0 93.3333333333
65.2173913043 59.4202898551 65.2173913043 50.7246376812
80.9523809524 76.1904761905 83.3333333333 83.3333333333
89.7937024973 91.7480998914 93.1596091205 92.1824104235
79.3 74.9 77.1 78.4
94.4444444444 97.2222222222 91.6666666667 97.2222222222
98.8631195998 100.0 100.0 99.6816734879
84.375 84.375 84.375 78.125
100.0 96.4285714286 96.4285714286 96.4285714286
85.1239669421 100.0 93.3884297521 83.4710743802
94.5945945946 95.4954954955 94.5945945946 96.3963963964
90.4 78.4 81.6 78.4
97.0802919708 94.1605839416 96.3503649635 97.0802919708
74.6753246753 77.2727272727 75.3246753247 72.7272727273
75.0 85.2941176471 82.3529411765 77.9411764706
96.6666666667 100.0 100.0 96.6666666667
66.6666666667 57.9710144928 72.4637681159 69.5652173913
76.1904761905 69.0476190476 73.8095238095 76.1904761905
91.3137893594 91.4223669924 93.1596091205 91.8566775244
83.6 75.2 81.7 80.9
94.4444444444 97.2222222222 80.5555555556 94.4444444444
98.9540700318 100.0 100.0 99.6816734879
78.125 84.375 84.375 81.25
85.7142857143 95.5357142857 96.4285714286 95.5357142857
81.8181818182 100.0 98.347107438 90.0826446281
97.2972972973 95.4954954955 97.2972972973 96.3963963964
84.8 80.0 82.4 88.0
97.8102189781 93.4306569343 95.6204379562 94.1605839416
75.3246753247 78.5714285714 79.2207792208 79.2207792208
82.3529411765 85.2941176471 79.4117647059 83.8235294118
93.3333333333 100.0 96.6666666667 96.6666666667
73.9130434783 62.3188405797 62.3188405797 71.0144927536
83.3333333333 71.4285714286 69.0476190476 83.3333333333
91.5309446254 91.0966340934 92.6167209555 93.5939196526
81.4 74.6 81.6 82.1
91.6666666667 97.2222222222 94.4444444444 97.2222222222
99.1814461119 100.0 100.0 99.863574352
75.0 78.125 84.375 87.5
91.9642857143 95.5357142857 98.2142857143 96.4285714286
74.3801652893 100.0 96.694214876 89.2561983471
97.2972972973 95.4954954955 97.2972972973 97.2972972973
96.0 78.4 81.6 83.2
96.3503649635 93.4306569343 94.8905109489 97.0802919708
72.0779220779 76.6233766234 75.3246753247 75.974025974
80.8823529412 83.8235294118 77.9411764706 80.8823529412
96.6666666667 100.0 100.0 96.6666666667
68.115942029 57.9710144928 62.3188405797 72.4637681159
85.7142857143 71.4285714286 80.9523809524 71.4285714286
93.1596091205 91.6395222584 93.9196525516 93.4853420195
82.7 75.0 81.1 83.8
100.0 97.2222222222 91.6666666667 97.2222222222
99.4997726239 100.0 100.0 99.818099136
78.125 78.125 84.375 81.25
90.1785714286 96.4285714286 99.1071428571 92.8571428571
79.3388429752 100.0 97.520661157 82.6446280992
98.1981981982 95.4954954955 98.1981981982 97.2972972973
87.2 80.0 80.0 80.8
95.6204379562 94.8905109489 95.6204379562 96.3503649635
75.974025974 77.9220779221 81.8181818182 75.974025974
80.8823529412 82.3529411765 80.8823529412 83.8235294118
96.6666666667 100.0 100.0 96.6666666667
66.6666666667 59.4202898551 68.115942029 75.3623188406
83.3333333333 69.0476190476 85.7142857143 83.3333333333
91.9652551574 91.8566775244 93.0510314875 93.2681867535
83.9 75.6 82.6 82.2
100.0 97.2222222222 94.4444444444 97.2222222222
99.3178717599 100.0 100.0 99.818099136
75.0 78.125 84.375 81.25
94.6428571429 95.5357142857 100.0 99.1071428571
72.7272727273 100.0 100.0 88.4297520661
97.2972972973 94.5945945946 97.2972972973 98.1981981982
80.0 79.2 80.8 82.4
97.8102189781 93.4306569343 94.8905109489 97.0802919708
71.4285714286 76.6233766234 75.3246753247 78.5714285714
83.8235294118 86.7647058824 79.4117647059 82.3529411765
96.6666666667 100.0 96.6666666667 100.0
66.6666666667 62.3188405797 72.4637681159 75.3623188406
83.3333333333 69.0476190476 78.5714285714 73.8095238095
92.7252985885 91.3137893594 93.3767643865 94.4625407166
82.8 75.6 82.7 84.9
94.4444444444 97.2222222222 97.2222222222 97.2222222222
99.3633469759 100.0 100.0 99.863574352
78.125 81.25 84.375 84.375
99.1071428571 95.5357142857 96.4285714286 98.2142857143
78.5123966942 100.0 100.0 88.4297520661
91.8918918919 96.3963963964 97.2972972973 97.2972972973
86.4 79.2 81.6 82.4
97.8102189781 95.6204379562 94.8905109489 94.8905109489
73.3766233766 76.6233766234 77.9220779221 77.9220779221
83.8235294118 83.8235294118 83.8235294118 85.2941176471
93.3333333333 100.0 100.0 96.6666666667
69.5652173913 55.0724637681 72.4637681159 65.2173913043
78.5714285714 71.4285714286 92.8571428571 78.5714285714
92.3995656895 91.9652551574 92.8338762215 93.9196525516
84.0 74.9 80.9 83.3
97.2222222222 97.2222222222 91.6666666667 91.6666666667
99.4088221919 100.0 100.0 99.863574352
75.0 81.25 84.375 84.375
83.9285714286 96.4285714286 100.0 95.5357142857
73.5537190083 100.0 99.173553719 85.9504132231
95.4954954955 95.4954954955 98.1981981982 98.1981981982
93.6 79.2 82.4 87.2
96.3503649635 93.4306569343 94.8905109489 94.8905109489
77.9220779221 78.5714285714 76.6233766234 81.8181818182
82.3529411765 83.8235294118 82.3529411765 83.8235294118
93.3333333333 100.0 100.0 96.6666666667
72.4637681159 62.3188405797 71.0144927536 72.4637681159
88.0952380952 71.4285714286 76.1904761905 90.4761904762
92.3995656895 91.8566775244 93.2681867535 93.4853420195
81.8 74.5 83.6 84.4
100.0 97.2222222222 97.2222222222 97.2222222222
99.4997726239 100.0 100.0 99.863574352
84.375 81.25 84.375 84.375
100.0 96.4285714286 100.0 100.0
74.3801652893 100.0 98.347107438 88.4297520661
94.5945945946 95.4954954955 98.1981981982 97.2972972973
94.4 79.2 84.8 84.8
95.6204379562 94.8905109489 95.6204379562 96.3503649635
78.5714285714 77.9220779221 75.974025974 77.2727272727
82.3529411765 85.2941176471 80.8823529412 83.8235294118
93.3333333333 100.0 100.0 100.0
71.0144927536 59.4202898551 71.0144927536 75.3623188406
88.0952380952 73.8095238095 83.3333333333 83.3333333333
92.9424538545 91.3137893594 93.1596091205 93.2681867535
83.5 74.2 82.8 83.2
100.0 97.2222222222 97.2222222222 100.0
99.4542974079 100.0 100.0 99.863574352
75.0 81.25 84.375 84.375
94.6428571429 95.5357142857 100.0 96.4285714286
80.1652892562 100.0 100.0 93.3884297521
99.0990990991 95.4954954955 96.3963963964 97.2972972973
84.8 79.2 83.2 82.4
94.8905109489 94.1605839416 94.8905109489 95.6204379562
76.6233766234 75.974025974 82.4675324675 77.2727272727
85.2941176471 83.8235294118 83.8235294118 83.8235294118
93.3333333333 100.0 100.0 96.6666666667
68.115942029 60.8695652174 69.5652173913 73.9130434783
78.5714285714 71.4285714286 78.5714285714 88.0952380952
93.4853420195 91.4223669924 93.0510314875 94.0282301846
83.9 74.9 83.2 84.5
100.0 97.2222222222 94.4444444444 94.4444444444
99.6816734879 100.0 100.0 99.909049568
81.25 81.25 84.375 81.25
92.8571428571 96.4285714286 100.0 94.6428571429
73.5537190083 100.0 97.520661157 91.7355371901
97.2972972973 95.4954954955 98.1981981982 97.2972972973
91.2 79.2 83.2 81.6
96.3503649635 92.700729927 97.0802919708 97.8102189781
75.3246753247 77.9220779221 75.974025974 79.2207792208
85.2941176471 83.8235294118 83.8235294118 83.8235294118
90.0 100.0 96.6666666667 100.0
72.4637681159 60.8695652174 72.4637681159 75.3623188406
83.3333333333 76.1904761905 78.5714285714 85.7142857143
92.6167209555 91.5309446254 92.9424538545 93.4853420195
84.7 74.7 81.5 84.4
97.2222222222 97.2222222222 94.4444444444 100.0
99.4088221919 100.0 100.0 99.909049568
75.0 81.25 84.375 87.5
97.3214285714 96.4285714286 100.0 100.0
86.7768595041 100.0 100.0 90.0826446281
99.0990990991 95.4954954955 97.2972972973 97.2972972973
90.4 79.2 84.8 84.8
97.0802919708 92.700729927 94.1605839416 95.6204379562
77.9220779221 77.9220779221 80.5194805195 75.3246753247
83.8235294118 83.8235294118 85.2941176471 83.8235294118
90.0 100.0 100.0 100.0
72.4637681159 56.5217391304 73.9130434783 76.8115942029
88.0952380952 73.8095238095 80.9523809524 78.5714285714
93.1596091205 91.0966340934 93.0510314875 94.4625407166
84.4 74.7 83.0 83.1
94.4444444444 97.2222222222 97.2222222222 94.4444444444
99.4997726239 100.0 100.0 99.909049568
75.0 81.25 84.375 84.375
97.3214285714 96.4285714286 100.0 98.2142857143
72.7272727273 100.0 100.0 93.3884297521
98.1981981982 95.4954954955 97.2972972973 96.3963963964
90.4 79.2 84.8 86.4
96.3503649635 93.4306569343 94.8905109489 95.6204379562
77.2727272727 78.5714285714 81.8181818182 76.6233766234
85.2941176471 83.8235294118 83.8235294118 77.9411764706
93.3333333333 100.0 100.0 100.0
69.5652173913 57.9710144928 71.0144927536 82.6086956522
92.8571428571 71.4285714286 78.5714285714 80.9523809524
93.3767643865 91.7480998914 92.7252985885 94.2453854506
85.4 75.0 82.5 84.8
97.2222222222 97.2222222222 97.2222222222 94.4444444444
99.5452478399 100.0 100.0 99.909049568
81.25 81.25 87.5 81.25
93.75 96.4285714286 98.2142857143 100.0
74.3801652893 100.0 96.694214876 91.7355371901
96.3963963964 95.4954954955 98.1981981982 97.2972972973
89.6 80.0 81.6 83.2
97.0802919708 93.4306569343 94.8905109489 95.6204379562
79.8701298701 79.2207792208 77.2727272727 76.6233766234
85.2941176471 83.8235294118 85.2941176471 83.8235294118
93.3333333333 100.0 100.0 100.0
68.115942029 55.0724637681 81.1594202899 75.3623188406
88.0952380952 71.4285714286 76.1904761905 78.5714285714
93.5939196526 91.6395222584 93.4853420195 94.1368078176
84.5 74.5 83.2 84.0
97.2222222222 97.2222222222 94.4444444444 94.4444444444
99.3633469759 100.0 100.0 99.909049568
75.0 81.25 84.375 84.375
98.2142857143 96.4285714286 100.0 100.0
71.9008264463 100.0 99.173553719 94.2148760331
94.5945945946 95.4954954955 97.2972972973 97.2972972973
85.6 80.0 84.8 86.4
96.3503649635 93.4306569343 95.6204379562 97.0802919708
75.974025974 77.9220779221 79.2207792208 79.8701298701
86.7647058824 83.8235294118 85.2941176471 86.7647058824
93.3333333333 100.0 100.0 100.0
63.768115942 55.0724637681 78.2608695652 78.2608695652
90.4761904762 73.8095238095 83.3333333333 80.9523809524
93.1596091205 91.4223669924 93.1596091205 93.5939196526
84.5 74.7 84.0 85.0
94.4444444444 97.2222222222 97.2222222222 97.2222222222
99.5907230559 100.0 100.0 99.863574352
78.125 81.25 84.375 84.375
93.75 95.5357142857 100.0 100.0
78.5123966942 100.0 97.520661157 90.0826446281
95.4954954955 95.4954954955 97.2972972973 98.1981981982
89.6 80.0 84.0 83.2
97.0802919708 94.8905109489 95.6204379562 96.3503649635
78.5714285714 75.974025974 77.2727272727 80.5194805195
82.3529411765 85.2941176471 80.8823529412 86.7647058824
90.0 100.0 96.6666666667 96.6666666667
71.0144927536 60.8695652174 75.3623188406 72.4637681159
88.0952380952 69.0476190476 90.4761904762 85.7142857143
93.7024972856 91.4223669924 93.2681867535 94.4625407166
86.3 75.0 83.9 84.6
100.0 97.2222222222 94.4444444444 94.4444444444
99.4542974079 100.0 100.0 99.909049568
78.125 81.25 84.375 84.375
95.5357142857 96.4285714286 100.0 99.1071428571
67.7685950413 100.0 99.173553719 95.041322314
96.3963963964 95.4954954955 97.2972972973 98.1981981982
91.2 79.2 80.8 87.2
97.0802919708 93.4306569343 96.3503649635 97.0802919708
79.2207792208 77.2727272727 84.4155844156 79.8701298701
85.2941176471 83.8235294118 82.3529411765 82.3529411765
93.3333333333 100.0 100.0 96.6666666667
69.5652173913 56.5217391304 76.8115942029 76.8115942029
85.7142857143 71.4285714286 80.9523809524 85.7142857143
93.5939196526 91.3137893594 93.7024972856 93.5939196526
86.0 74.3 84.5 84.2
100.0 97.2222222222 94.4444444444 97.2222222222
99.5907230559 100.0 100.0 99.863574352
75.0 81.25 84.375 84.375
91.9642857143 95.5357142857 100.0 98.2142857143
84.2975206612 100.0 97.520661157 91.7355371901
97.2972972973 95.4954954955 97.2972972973 97.2972972973
92.8 80.0 83.2 84.8
97.0802919708 93.4306569343 95.6204379562 97.0802919708
79.8701298701 77.2727272727 75.974025974 78.5714285714
89.7058823529 85.2941176471 82.3529411765 83.8235294118
93.3333333333 100.0 96.6666666667 100.0
69.5652173913 60.8695652174 78.2608695652 75.3623188406
83.3333333333 71.4285714286 85.7142857143 83.3333333333
93.7024972856 91.6395222584 93.7024972856 94.3539630836
85.1 75.0 84.1 85.3
97.2222222222 97.2222222222 97.2222222222 94.4444444444
99.5452478399 100.0 100.0 99.909049568
75.0 81.25 84.375 84.375
98.2142857143 95.5357142857 100.0 99.1071428571
79.3388429752 100.0 97.520661157 90.9090909091
95.4954954955 95.4954954955 97.2972972973 97.2972972973
92.8 80.0 82.4 88.0
97.0802919708 94.1605839416 96.3503649635 95.6204379562
75.974025974 76.6233766234 79.8701298701 79.8701298701
88.2352941176 82.3529411765 83.8235294118 85.2941176471
93.3333333333 100.0 100.0 96.6666666667
66.6666666667 57.9710144928 78.2608695652 78.2608695652
88.0952380952 66.6666666667 90.4761904762 88.0952380952
93.4853420195 91.6395222584 93.7024972856 94.4625407166
86.7 75.0 83.6 84.8
97.2222222222 97.2222222222 94.4444444444 97.2222222222
99.5452478399 100.0 100.0 99.863574352
75.0 81.25 84.375 84.375
98.2142857143 95.5357142857 100.0 96.4285714286
83.4710743802 100.0 100.0 88.4297520661
96.3963963964 95.4954954955 97.2972972973 96.3963963964
92.0 80.0 81.6 86.4
97.0802919708 94.8905109489 96.3503649635 95.6204379562
78.5714285714 77.9220779221 79.8701298701 81.1688311688
82.3529411765 83.8235294118 83.8235294118 85.2941176471
96.6666666667 100.0 100.0 96.6666666667
65.2173913043 60.8695652174 76.8115942029 76.8115942029
88.0952380952 71.4285714286 85.7142857143 76.1904761905
93.0510314875 91.3137893594 93.4853420195 94.3539630836
86.1 75.2 84.3 84.9
100.0 97.2222222222 97.2222222222 97.2222222222
99.6816734879 100.0 100.0 99.863574352
78.125 81.25 84.375 84.375
97.3214285714 96.4285714286 100.0 100.0
78.5123966942 100.0 100.0 92.5619834711
92.7927927928 95.4954954955 97.2972972973 97.2972972973
90.4 80.0 82.4 81.6
97.0802919708 93.4306569343 96.3503649635 97.0802919708
79.8701298701 79.2207792208 79.2207792208 79.8701298701
86.7647058824 83.8235294118 83.8235294118 85.2941176471
93.3333333333 100.0 100.0 100.0
71.0144927536 62.3188405797 78.2608695652 68.115942029
88.0952380952 69.0476190476 80.9523809524 83.3333333333
93.4853420195 91.5309446254 93.5939196526 94.5711183496
85.7 75.4 84.4 84.0
100.0 97.2222222222 97.2222222222 94.4444444444
99.6816734879 100.0 100.0 99.909049568
78.125 81.25 84.375 84.375
96.4285714286 95.5357142857 100.0 97.3214285714
83.4710743802 100.0 98.347107438 88.4297520661
96.3963963964 95.4954954955 97.2972972973 97.2972972973
91.2 79.2 82.4 88.0
97.0802919708 94.1605839416 97.0802919708 97.0802919708
79.8701298701 76.6233766234 83.1168831169 78.5714285714
85.2941176471 82.3529411765 83.8235294118 85.2941176471
100.0 100.0 100.0 96.6666666667
71.0144927536 56.5217391304 72.4637681159 79.7101449275
85.7142857143 71.4285714286 83.3333333333 83.3333333333
93.4853420195 91.8566775244 93.7024972856 94.5711183496
85.6 74.9 83.4 85.2
100.0 97.2222222222 97.2222222222 100.0
99.4542974079 100.0 100.0 99.863574352
81.25 81.25 84.375 84.375
100.0 96.4285714286 100.0 100.0
83.4710743802 100.0 100.0 90.0826446281
97.2972972973 95.4954954955 97.2972972973 97.2972972973
94.4 80.0 83.2 88.0
97.0802919708 94.1605839416 95.6204379562 96.3503649635
76.6233766234 78.5714285714 79.8701298701 79.2207792208
86.7647058824 82.3529411765 80.8823529412 83.8235294118
96.6666666667 100.0 100.0 100.0
69.5652173913 57.9710144928 69.5652173913 75.3623188406
90.4761904762 71.4285714286 83.3333333333 88.0952380952
93.2681867535 91.5309446254 93.4853420195 94.2453854506
85.7 74.8 84.2 85.1
97.2222222222 97.2222222222 94.4444444444 94.4444444444
99.6816734879 100.0 100.0 99.863574352
75.0 81.25 84.375 84.375
97.3214285714 96.4285714286 100.0 98.2142857143
80.1652892562 100.0 99.173553719 90.0826446281
96.3963963964 95.4954954955 97.2972972973 98.1981981982
96.0 79.2 81.6 85.6
96.3503649635 94.8905109489 96.3503649635 96.3503649635
75.974025974 78.5714285714 80.5194805195 80.5194805195
83.8235294118 83.8235294118 82.3529411765 85.2941176471
93.3333333333 100.0 100.0 100.0
68.115942029 62.3188405797 75.3623188406 76.8115942029
85.7142857143 69.0476190476 85.7142857143 83.3333333333
93.3767643865 91.5309446254 93.5939196526 94.3539630836
85.0 74.0 84.3 84.6
97.2222222222 97.2222222222 97.2222222222 94.4444444444
99.5907230559 100.0 100.0 99.863574352
75.0 81.25 84.375 84.375
92.8571428571 96.4285714286 100.0 100.0
80.9917355372 100.0 97.520661157 91.7355371901
95.4954954955 95.4954954955 97.2972972973 96.3963963964
91.2 80.0 84.8 84.8
97.8102189781 94.8905109489 96.3503649635 96.3503649635
81.1688311688 77.9220779221 77.2727272727 81.1688311688
86.7647058824 85.2941176471 85.2941176471 83.8235294118
93.3333333333 100.0 100.0 100.0
68.115942029 65.2173913043 75.3623188406 75.3623188406
90.4761904762 71.4285714286 85.7142857143 78.5714285714
93.3767643865 91.9652551574 93.3767643865 94.8968512486
84.1 75.5 84.1 85.0
100.0 97.2222222222 97.2222222222 100.0
99.727148704 100.0 100.0 99.909049568
78.125 81.25 84.375 84.375
98.2142857143 95.5357142857 100.0 99.1071428571
72.7272727273 100.0 98.347107438 90.9090909091
97.2972972973 95.4954954955 97.2972972973 97.2972972973
93.6 79.2 84.0 86.4
97.8102189781 93.4306569343 97.0802919708 97.0802919708
77.2727272727 79.2207792208 79.2207792208 79.8701298701
88.2352941176 85.2941176471 85.2941176471 85.2941176471
93.3333333333 100.0 100.0 100.0
73.9130434783 55.0724637681 75.3623188406 76.8115942029
92.8571428571 71.4285714286 76.1904761905 88.0952380952
93.2681867535 91.4223669924 93.5939196526 94.2453854506
86.7 74.5 82.7 85.6
100.0 97.2222222222 97.2222222222 97.2222222222
99.6361982719 100.0 100.0 99.909049568
75.0 81.25 84.375 84.375
94.6428571429 95.5357142857 100.0 100.0
80.1652892562 100.0 100.0 93.3884297521
97.2972972973 95.4954954955 97.2972972973 97.2972972973
96.0 80.0 83.2 84.8
96.3503649635 94.8905109489 96.3503649635 96.3503649635
81.1688311688 78.5714285714 77.9220779221 77.2727272727
85.2941176471 85.2941176471 80.8823529412 83.8235294118
93.3333333333 100.0 100.0 96.6666666667
71.0144927536 56.5217391304 76.8115942029 79.7101449275
85.7142857143 69.0476190476 80.9523809524 83.3333333333
93.7024972856 91.0966340934 93.4853420195 94.6796959826
86.9 76.1 83.9 84.2
100.0 97.2222222222 97.2222222222 100.0
99.6816734879 100.0 100.0 99.909049568
81.25 81.25 84.375 84.375
97.3214285714 95.5357142857 100.0 98.2142857143
80.9917355372 100.0 98.347107438 91.7355371901
95.4954954955 95.4954954955 97.2972972973 97.2972972973
88.8 79.2 84.8 86.4
97.8102189781 93.4306569343 96.3503649635 95.6204379562
80.5194805195 77.9220779221 79.8701298701 79.2207792208
83.8235294118 83.8235294118 80.8823529412 83.8235294118
96.6666666667 100.0 100.0 100.0
71.0144927536 59.4202898551 81.1594202899 79.7101449275
85.7142857143 73.8095238095 85.7142857143 83.3333333333
93.5939196526 91.4223669924 93.0510314875 94.5711183496
86.2 74.6 84.3 85.9
100.0 97.2222222222 94.4444444444 100.0
99.5452478399 100.0 100.0 99.909049568
75.0 81.25 84.375 84.375
96.4285714286 96.4285714286 100.0 100.0
81.8181818182 100.0 99.173553719 91.7355371901
94.5945945946 95.4954954955 98.1981981982 97.2972972973
93.6 79.2 82.4 84.0
96.3503649635 94.1605839416 96.3503649635 97.0802919708
79.2207792208 76.6233766234 79.8701298701 79.2207792208
86.7647058824 86.7647058824 80.8823529412 85.2941176471
93.3333333333 100.0 100.0 100.0
68.115942029 57.9710144928 81.1594202899 72.4637681159
83.3333333333 71.4285714286 85.7142857143 85.7142857143
93.0510314875 91.6395222584 93.8110749186 94.8968512486
86.8 74.5 83.5 84.9
97.2222222222 97.2222222222 97.2222222222 97.2222222222
99.4997726239 100.0 100.0 99.909049568
75.0 81.25 84.375 84.375
96.4285714286 96.4285714286 100.0 100.0
81.8181818182 100.0 100.0 97.520661157
95.4954954955 96.3963963964 97.2972972973 97.2972972973
88.8 78.4 84.0 84.8
97.8102189781 95.6204379562 95.6204379562 96.3503649635
75.974025974 79.2207792208 81.8181818182 78.5714285714
86.7647058824 86.7647058824 82.3529411765 85.2941176471
93.3333333333 100.0 100.0 100.0
75.3623188406 55.0724637681 81.1594202899 79.7101449275
83.3333333333 71.4285714286 83.3333333333 85.7142857143
93.5939196526 91.6395222584 93.1596091205 94.0282301846
86.8 74.6 83.9 86.1
100.0 97.2222222222 97.2222222222 97.2222222222
99.5452478399 100.0 100.0 99.863574352
78.125 81.25 84.375 84.375
95.5357142857 95.5357142857 100.0 97.3214285714
74.3801652893 100.0 100.0 95.867768595
95.4954954955 95.4954954955 97.2972972973 97.2972972973
92.0 78.4 82.4 84.0
96.3503649635 92.700729927 97.0802919708 96.3503649635
78.5714285714 79.2207792208 79.2207792208 79.2207792208
85.2941176471 86.7647058824 82.3529411765 85.2941176471
96.6666666667 100.0 100.0 96.6666666667
69.5652173913 56.5217391304 76.8115942029 78.2608695652
85.7142857143 71.4285714286 80.9523809524 88.0952380952
93.2681867535 91.4223669924 93.7024972856 94.3539630836
85.2 75.3 84.2 84.8
97.2222222222 97.2222222222 97.2222222222 97.2222222222
99.6361982719 100.0 100.0 99.909049568
75.0 81.25 84.375 84.375
100.0 95.5357142857 100.0 98.2142857143
78.5123966942 100.0 100.0 93.3884297521
97.2972972973 96.3963963964 97.2972972973 97.2972972973
88.0 79.2 83.2 82.4
97.8102189781 94.8905109489 97.0802919708 96.3503649635
78.5714285714 79.2207792208 81.1688311688 81.1688311688
83.8235294118 83.8235294118 83.8235294118 83.8235294118
93.3333333333 100.0 100.0 100.0
69.5652173913 60.8695652174 81.1594202899 78.2608695652
88.0952380952 71.4285714286 83.3333333333 76.1904761905
93.2681867535 91.3137893594 93.4853420195 94.6796959826
85.9 75.0 83.9 85.5
100.0 97.2222222222 97.2222222222 97.2222222222
99.6816734879 100.0 100.0 99.909049568
75.0 81.25 84.375 84.375
96.4285714286 96.4285714286 100.0 97.3214285714
76.0330578512 100.0 99.173553719 90.0826446281
97.2972972973 96.3963963964 98.1981981982 97.2972972973
